Pixel	1.000000E+0	2.000000E+0	3.000000E+0	Pixel	1.000000E+0	2.000000E+0	3.000000E+0
Area (cm2)	6.460000E-2	6.460000E-2	6.460000E-2	Area (cm2)	6.460000E-2	6.460000E-2	6.460000E-2
Efficiency (%)	9.151790E+0	9.355109E+0	8.871294E+0	Efficiency (%)	9.151790E+0	9.355109E+0	8.871294E+0
JSC (mA/cm2)	1.868632E+1	1.779189E+1	1.681796E+1	ISC (A)	1.207136E-3	1.149356E-3	1.086440E-3
VOC (V)	9.406745E-1	9.746439E-1	9.610205E-1	VOC (V)	9.406745E-1	9.746439E-1	9.610205E-1
FF	5.206465E+1	5.394868E+1	5.488846E+1	FF	5.206465E+1	5.394868E+1	5.488846E+1
RP (Ohm cm2)	8.631748E+2	8.634055E+2	1.225341E+3	RP (Ohm)	1.336184E+4	1.336541E+4	1.896813E+4
RS @ Vmax (Ohm cm2)	1.889227E+0	1.801822E+0	1.763707E+0	RS @ Vmax (Ohm)	2.924500E+1	2.789198E+1	2.730197E+1
RS @ VOC (Ohm cm2)	1.288084E+1	8.488877E+0	9.662576E+0	RS @ VOC (Ohm)	1.993938E+2	1.314068E+2	1.495755E+2
RLOAD (Ohm cm2)	3.933657E+1	4.516249E+1	4.762552E+1	RLOAD (Ohm)	6.089252E+2	6.991097E+2	7.372372E+2
0.000000E+0	0.000000E+0	0.000000E+0	0.000000E+0	0.000000E+0	0.000000E+0	0.000000E+0	0.000000E+0
-5.000000E-1	-1.978285E+1	-1.860034E+1	-1.754935E+1	-5.000000E-1	-1.277972E-3	-1.201582E-3	-1.133688E-3
-4.500000E-1	-1.942376E+1	-1.833774E+1	-1.732498E+1	-4.500000E-1	-1.254775E-3	-1.184618E-3	-1.119194E-3
-4.000000E-1	-1.929082E+1	-1.822576E+1	-1.722680E+1	-4.000000E-1	-1.246187E-3	-1.177384E-3	-1.112851E-3
-3.500000E-1	-1.918125E+1	-1.817005E+1	-1.716703E+1	-3.500000E-1	-1.239109E-3	-1.173785E-3	-1.108990E-3
-3.000000E-1	-1.910375E+1	-1.810113E+1	-1.710601E+1	-3.000000E-1	-1.234102E-3	-1.169333E-3	-1.105048E-3
-2.500000E-1	-1.900807E+1	-1.804560E+1	-1.705675E+1	-2.500000E-1	-1.227921E-3	-1.165746E-3	-1.101866E-3
-2.000000E-1	-1.893771E+1	-1.799741E+1	-1.699930E+1	-2.000000E-1	-1.223376E-3	-1.162633E-3	-1.098155E-3
-1.500000E-1	-1.887743E+1	-1.795608E+1	-1.695944E+1	-1.500000E-1	-1.219482E-3	-1.159963E-3	-1.095580E-3
-1.000000E-1	-1.882305E+1	-1.791197E+1	-1.691277E+1	-1.000000E-1	-1.215969E-3	-1.157113E-3	-1.092565E-3
-5.000000E-2	-1.874424E+1	-1.784980E+1	-1.685876E+1	-5.000000E-2	-1.210878E-3	-1.153097E-3	-1.089076E-3
0.000000E+0	-1.868632E+1	-1.779189E+1	-1.681796E+1	0.000000E+0	-1.207136E-3	-1.149356E-3	-1.086440E-3
5.000000E-2	-1.861067E+1	-1.774415E+1	-1.673724E+1	5.000000E-2	-1.202249E-3	-1.146272E-3	-1.081226E-3
1.000000E-1	-1.849732E+1	-1.766514E+1	-1.668929E+1	1.000000E-1	-1.194927E-3	-1.141168E-3	-1.078128E-3
1.500000E-1	-1.839053E+1	-1.758748E+1	-1.661354E+1	1.500000E-1	-1.188028E-3	-1.136151E-3	-1.073235E-3
2.000000E-1	-1.825139E+1	-1.748895E+1	-1.653904E+1	2.000000E-1	-1.179040E-3	-1.129786E-3	-1.068422E-3
2.500000E-1	-1.811485E+1	-1.740655E+1	-1.645073E+1	2.500000E-1	-1.170219E-3	-1.124463E-3	-1.062717E-3
3.000000E-1	-1.795277E+1	-1.731096E+1	-1.634611E+1	3.000000E-1	-1.159749E-3	-1.118288E-3	-1.055959E-3
3.500000E-1	-1.773670E+1	-1.717607E+1	-1.622988E+1	3.500000E-1	-1.145791E-3	-1.109574E-3	-1.048450E-3
4.000000E-1	-1.746130E+1	-1.700526E+1	-1.608277E+1	4.000000E-1	-1.128000E-3	-1.098540E-3	-1.038947E-3
4.500000E-1	-1.707280E+1	-1.675099E+1	-1.587906E+1	4.500000E-1	-1.102903E-3	-1.082114E-3	-1.025787E-3
5.000000E-1	-1.655820E+1	-1.641121E+1	-1.556008E+1	5.000000E-1	-1.069660E-3	-1.060164E-3	-1.005181E-3
5.500000E-1	-1.587314E+1	-1.591808E+1	-1.529545E+1	5.500000E-1	-1.025405E-3	-1.028308E-3	-9.880863E-4
6.000000E-1	-1.525298E+1	-1.547872E+1	-1.448528E+1	6.000000E-1	-9.853427E-4	-9.999251E-4	-9.357493E-4
6.500000E-1	-1.397279E+1	-1.439248E+1	-1.364814E+1	6.500000E-1	-9.026420E-4	-9.297539E-4	-8.816701E-4
7.000000E-1	-1.262924E+1	-1.330551E+1	-1.258709E+1	7.000000E-1	-8.158491E-4	-8.595359E-4	-8.131260E-4
7.500000E-1	-1.100848E+1	-1.198830E+1	-1.126234E+1	7.500000E-1	-7.111476E-4	-7.744440E-4	-7.275469E-4
8.000000E-1	-9.004042E+0	-1.037256E+1	-9.649424E+0	8.000000E-1	-5.816611E-4	-6.700676E-4	-6.233528E-4
8.500000E-1	-6.448580E+0	-8.289729E+0	-7.546774E+0	8.500000E-1	-4.165783E-4	-5.355165E-4	-4.875216E-4
9.000000E-1	-3.157754E+0	-5.429661E+0	-4.653909E+0	9.000000E-1	-2.039909E-4	-3.507561E-4	-3.006425E-4
9.500000E-1	7.239807E-1	-2.903080E+0	-1.140539E+0	9.500000E-1	4.676915E-5	-1.875390E-4	-7.367879E-5
1.000000E+0	6.144373E+0	2.986980E+0	4.034065E+0	1.000000E+0	3.969265E-4	1.929589E-4	2.606006E-4
1.050000E+0	1.350543E+1	1.061876E+1	1.184162E+1	1.050000E+0	8.724508E-4	6.859718E-4	7.649687E-4
1.100000E+0	2.209653E+1	1.976416E+1	2.114266E+1	1.100000E+0	1.427436E-3	1.276765E-3	1.365816E-3
1.150000E+0	3.349889E+1	3.254966E+1	3.408136E+1	1.150000E+0	2.164028E-3	2.102708E-3	2.201656E-3
1.200000E+0	4.700913E+1	4.797711E+1	4.971543E+1	1.200000E+0	3.036790E-3	3.099321E-3	3.211617E-3
1.250000E+0	6.277715E+1	6.607274E+1	6.810090E+1	1.250000E+0	4.055404E-3	4.268299E-3	4.399318E-3
1.300000E+0	8.078149E+1	8.664446E+1	8.903785E+1	1.300000E+0	5.218484E-3	5.597232E-3	5.751845E-3
1.350000E+0	1.009430E+2	1.094003E+2	1.122132E+2	1.350000E+0	6.520921E-3	7.067262E-3	7.248974E-3
1.400000E+0	1.231740E+2	1.340712E+2	1.373469E+2	1.400000E+0	7.957043E-3	8.661000E-3	8.872609E-3
1.450000E+0	1.473996E+2	1.604577E+2	1.643868E+2	1.450000E+0	9.522016E-3	1.036557E-2	1.061939E-2
1.500000E+0	1.738655E+2	1.882074E+2	1.927362E+2	1.500000E+0	1.123171E-2	1.215820E-2	1.245076E-2
